30
0 1 2249833494
0 2 2667028543
0 3 102049980
0 4 229500326
0 5 3163822045
0 6 3003082209
0 7 3053572738
0 8 132286544
0 9 1113474834
0 10 3284143871
0 11 2742127275
0 12 4105004236
0 13 3714932107
0 14 2691676339
0 15 1774038322
0 16 2702718421
0 17 3013750509
0 18 2851475616
0 19 2949234935
0 20 1508930906
0 21 1842571356
0 22 3509721817
0 23 3905981591
0 24 3424122965
0 25 1628927853
0 26 1850306552
0 27 2653426451
0 28 3889244148
0 29 1871151571
1 2 3498912819
1 3 4166853559
1 4 4208159537
1 5 2793380645
1 6 1650333292
1 7 1468044914
1 8 2835479295
1 9 3455114410
1 10 3815746743
1 11 3954837690
1 12 2986671392
1 13 1705455325
1 14 1053059298
1 15 527510347
1 16 4041072565
1 17 604635636
1 18 1266197881
1 19 1183333596
1 20 123602598
1 21 2534487746
1 22 2248787915
1 23 2710050390
1 24 3319726163
1 25 3683464510
1 26 988414157
1 27 2675450322
1 28 4154775224
1 29 1680449695
2 3 2769682893
2 4 3486804659
2 5 2152398983
2 6 845746730
2 7 995932124
2 8 3201273111
2 9 353388605
2 10 611825245
2 11 1017408816
2 12 2422843155
2 13 4653435
2 14 686622370
2 15 1519240602
2 16 1611480804
2 17 832646485
2 18 3900788086
2 19 4088028081
2 20 712452449
2 21 1471875450
2 22 881959821
2 23 1395774741
2 24 1026589440
2 25 161465988
2 26 2161077299
2 27 1189689430
2 28 251598649
2 29 346995219
3 4 2229921322
3 5 681132508
3 6 4074146772
3 7 1476216084
3 8 151676941
3 9 3316621527
3 10 161101140
3 11 744887558
3 12 3699751243
3 13 1702663854
3 14 1845714747
3 15 567753813
3 16 798128783
3 17 3510615167
3 18 2094223045
3 19 4104708351
3 20 3146882784
3 21 2748168449
3 22 3365955851
3 23 555991041
3 24 163997132
3 25 2359990144
3 26 657912787
3 27 1347764625
3 28 267870427
3 29 3252623559
4 5 1688271461
4 6 3860024990
4 7 3383318032
4 8 2478410310
4 9 1940530755
4 10 2034348899
4 11 2060733725
4 12 39824572
4 13 2280425161
4 14 573878476
4 15 89943557
4 16 2477313206
4 17 2879653763
4 18 3068875180
4 19 3820042736
4 20 3753116662
4 21 4075363116
4 22 2795944474
4 23 3552520486
4 24 2659435149
4 25 3821698441
4 26 1619852563
4 27 2933758795
4 28 483029843
4 29 2568531320
5 6 3322288987
5 7 1635013545
5 8 3854633100
5 9 222280931
5 10 910195178
5 11 2198797303
5 12 2327598099
5 13 2037433691
5 14 2414443079
5 15 2267218596
5 16 3829190961
5 17 4085014310
5 18 3704765197
5 19 4228315732
5 20 3847585045
5 21 165015008
5 22 2741168490
5 23 641606196
5 24 4200549912
5 25 1851989180
5 26 2147267780
5 27 3413050320
5 28 1886465265
5 29 241846257
6 7 785159474
6 8 252338557
6 9 2811366523
6 10 1760846547
6 11 1204206909
6 12 2273003736
6 13 1008041528
6 14 2207237477
6 15 2448203216
6 16 1715328885
6 17 400915809
6 18 121101049
6 19 1643236165
6 20 518082036
6 21 483224179
6 22 2995019410
6 23 1193010818
6 24 3142906068
6 25 1111387655
6 26 438142499
6 27 390906030
6 28 474033557
6 29 2827534090
7 8 2460871878
7 9 2167850947
7 10 3923210628
7 11 919114653
7 12 172558637
7 13 2607231886
7 14 3960227623
7 15 3599430284
7 16 2070834704
7 17 1007825210
7 18 1325791165
7 19 657385041
7 20 126325239
7 21 3198412622
7 22 4292930069
7 23 2834147366
7 24 3733208850
7 25 2235202427
7 26 586683376
7 27 794969886
7 28 2281557935
7 29 3224191783
8 9 2537930624
8 10 2841475973
8 11 3660621453
8 12 861660087
8 13 4138984708
8 14 3750088530
8 15 3766027033
8 16 2696902656
8 17 1273437709
8 18 3324514195
8 19 1668118401
8 20 3936903368
8 21 476126033
8 22 2439279560
8 23 3094169784
8 24 1312466494
8 25 2587698060
8 26 2439219047
8 27 676502934
8 28 1544928428
8 29 163442675
9 10 3605836928
9 11 3708699387
9 12 1834298729
9 13 4084769606
9 14 2467273504
9 15 1650116488
9 16 1935123715
9 17 2404961634
9 18 161743989
9 19 3819934958
9 20 3172029745
9 21 3520220862
9 22 969100120
9 23 3735395477
9 24 883338440
9 25 280303196
9 26 2727083800
9 27 3300393337
9 28 1856924735
9 29 809024652
10 11 2758368032
10 12 167162742
10 13 1927507105
10 14 1950786971
10 15 568263480
10 16 35599640
10 17 4205774561
10 18 1715445262
10 19 4190976192
10 20 3208007279
10 21 3079959032
10 22 269053253
10 23 2353024718
10 24 3646432981
10 25 1016562362
10 26 1304352275
10 27 3679168024
10 28 1956738834
10 29 3779572423
11 12 1005030627
11 13 1742027620
11 14 3698186770
11 15 2256629922
11 16 1951407395
11 17 894959380
11 18 1998327723
11 19 981118059
11 20 1465275208
11 21 3432099554
11 22 3461715183
11 23 4069241433
11 24 2272927608
11 25 3488660298
11 26 3949301003
11 27 2455503952
11 28 973919154
11 29 3401565076
12 13 2095142705
12 14 18363649
12 15 1513567712
12 16 3444787006
12 17 1330784725
12 18 2709511439
12 19 1097142144
12 20 1055709898
12 21 1053576004
12 22 357136160
12 23 3525750119
12 24 1670327625
12 25 1205982421
12 26 3501146264
12 27 4233820161
12 28 41294940
12 29 2992025757
13 14 2854726162
13 15 497364616
13 16 2868404912
13 17 3017473750
13 18 1403942054
13 19 317711282
13 20 885929183
13 21 1345824423
13 22 1546399668
13 23 1754172607
13 24 1801506102
13 25 1892347322
13 26 4064061369
13 27 1710058130
13 28 2978202415
13 29 3515453652
14 15 1881908130
14 16 2768476868
14 17 3367920857
14 18 597808327
14 19 4233021161
14 20 3629813009
14 21 2083410026
14 22 3804053403
14 23 560099449
14 24 4011088894
14 25 3809034251
14 26 3377884953
14 27 853275381
14 28 1669662801
14 29 3355112651
15 16 1187253702
15 17 769822145
15 18 2307998224
15 19 81833737
15 20 1825383926
15 21 3481904953
15 22 293581602
15 23 4013798778
15 24 1453843343
15 25 3077784295
15 26 1688377205
15 27 3286393517
15 28 168897452
15 29 1630315648
16 17 651438773
16 18 862632842
16 19 2077356999
16 20 1868972642
16 21 3410374113
16 22 871369987
16 23 2710127108
16 24 3468480041
16 25 1969427203
16 26 1768252268
16 27 3562036152
16 28 1194175436
16 29 4125360961
17 18 2850438778
17 19 4005400598
17 20 939657092
17 21 846903553
17 22 734745245
17 23 2700879059
17 24 4216315927
17 25 2546729853
17 26 1823400073
17 27 2569326908
17 28 2893113219
17 29 161919979
18 19 1858368663
18 20 2898932027
18 21 3842444866
18 22 2586492907
18 23 4082226678
18 24 2774784243
18 25 426505027
18 26 3798451513
18 27 2832777608
18 28 451967694
18 29 3978358854
19 20 826426030
19 21 3270868513
19 22 3408355165
19 23 2608820863
19 24 777635691
19 25 3345951628
19 26 2076476741
19 27 574114818
19 28 4017025629
19 29 997038560
20 21 159745837
20 22 1940799328
20 23 1454931157
20 24 4244934670
20 25 4031699319
20 26 246402043
20 27 1598217649
20 28 1716901611
20 29 1909541789
21 22 627206323
21 23 343772869
21 24 3085453441
21 25 3873274043
21 26 3788424523
21 27 2371147276
21 28 3823283711
21 29 3815992894
22 23 4207614862
22 24 3585208058
22 25 2082301322
22 26 3249297313
22 27 1837808987
22 28 4097160440
22 29 1711576653
23 24 2670024261
23 25 4112455173
23 26 1335936182
23 27 1661550034
23 28 985580193
23 29 2519224435
24 25 2616730538
24 26 3824893956
24 27 1327368149
24 28 3754404837
24 29 4252824479
25 26 992976894
25 27 1573634771
25 28 2881797289
25 29 2183635128
26 27 3498391491
26 28 1051435640
26 29 1248548073
27 28 866743811
27 29 1825421728
28 29 3767636640